Time,D1R,D1L',S2,D1'/S2,D1',FAM,D3R,D3',D3L/IN2,D3'/S2
0.000000,0.000000,20.000000,20.000000,0.000000,0.000000,0.000000,0.000000,0.000000,20.000000,0.000000
0.200000,0.000000,20.000000,20.000000,0.000000,0.000000,0.000000,0.000000,0.000000,20.000000,0.000000
0.200000,20.000000,20.000000,20.000000,0.000000,0.000000,0.000000,0.000000,0.000000,20.000000,0.000000
0.200004,19.983947,19.983947,19.999999,0.000001,0.016052,0.000000,0.000000,0.000000,20.000000,0.000000
0.200008,19.967920,19.967920,19.999997,0.000003,0.032077,0.000000,0.000000,0.000000,20.000000,0.000000
0.200012,19.951918,19.951918,19.999993,0.000007,0.048075,0.000000,0.000000,0.000000,20.000000,0.000000
0.200030,19.880577,19.880577,19.999962,0.000038,0.119385,0.000000,0.000000,0.000000,20.000000,0.000000
0.200048,19.809734,19.809734,19.999906,0.000094,0.190172,0.000000,0.000000,0.000000,20.000000,0.000000
0.200066,19.739390,19.739390,19.999825,0.000175,0.260435,0.000000,0.000000,0.000000,20.000000,0.000000
0.200084,19.669544,19.669544,19.999719,0.000281,0.330175,0.000000,0.000000,0.000000,20.000000,0.000000
0.200155,19.398548,19.398548,19.999059,0.000941,0.600511,0.000000,0.000000,0.000000,20.000000,0.000000
0.200226,19.134910,19.134910,19.998022,0.001977,0.863112,0.000000,0.000000,0.000000,20.000000,0.000000
0.200297,18.878346,18.878346,19.996618,0.003381,1.118273,0.000000,0.000000,0.000000,20.000000,0.000000
0.200368,18.628574,18.628574,19.994858,0.005141,1.366285,0.000001,0.000000,0.000000,20.000000,0.000000
0.200693,17.566368,17.566368,19.982540,0.017456,2.416176,0.000004,0.000000,0.000000,20.000000,0.000000
0.201017,16.619053,16.619053,19.963867,0.036120,3.344827,0.000013,0.000000,0.000000,20.000000,0.000000
0.201342,15.768551,15.768551,19.939612,0.060360,4.171089,0.000028,0.000000,0.000000,20.000000,0.000000
0.201667,15.000653,15.000653,19.910426,0.089522,4.909826,0.000052,0.000000,0.000000,20.000000,0.000000
0.201992,14.303972,14.303972,19.876871,0.123043,5.572986,0.000087,0.000000,0.000000,20.000000,0.000000
0.202508,13.321514,13.321514,19.815694,0.184140,6.494346,0.000165,0.000000,0.000000,20.000000,0.000000
0.203024,12.465186,12.465186,19.746360,0.253362,7.281452,0.000278,0.000000,0.000000,20.000000,0.000000
0.203540,11.711717,11.711717,19.670245,0.329327,7.958956,0.000428,0.000000,0.000000,20.000000,0.000000
0.204056,11.043807,11.043807,19.588472,0.410909,8.545284,0.000619,0.000000,0.000000,20.000000,0.000000
0.204572,10.447964,10.447964,19.501979,0.497168,9.054868,0.000853,0.000000,0.000000,20.000000,0.000000
0.205465,9.557231,9.557231,19.343269,0.655364,9.787405,0.001367,0.000000,0.000000,20.000000,0.000000
0.206359,8.806805,8.806805,19.176113,0.821861,10.371333,0.002026,0.000000,0.000000,20.000000,0.000000
0.207252,8.165027,8.165027,19.003108,0.994056,10.840917,0.002836,0.000000,0.000000,20.000000,0.000000
0.208146,7.609923,7.609923,18.826212,1.169985,11.220092,0.003803,0.000000,0.000000,20.000000,0.000000
0.209040,7.125370,7.125370,18.646951,1.348121,11.526508,0.004928,0.000000,0.000000,20.000000,0.000000
0.210457,6.473092,6.473092,18.360566,1.632395,11.894512,0.007039,0.000000,0.000000,20.000000,0.000000
0.211874,5.930063,5.930063,18.074931,1.915517,12.154420,0.009553,0.000000,0.000000,20.000000,0.000000
0.213291,5.470327,5.470327,17.792654,2.194881,12.334792,0.012465,0.000000,0.000000,20.000000,0.000000
0.214708,5.076338,5.076338,17.515482,2.468748,12.454914,0.015771,0.000000,0.000000,20.000000,0.000000
0.216125,4.735320,4.735320,17.244610,2.735931,12.528749,0.019459,0.000000,0.000000,20.000000,0.000000
0.218263,4.300446,4.300446,16.849582,3.124692,12.574861,0.025726,0.000000,0.000000,20.000000,0.000000
0.220401,3.938369,3.938369,16.472435,3.494761,12.566869,0.032804,0.000000,0.000000,20.000000,0.000000
0.222538,3.631815,3.631815,16.113905,3.845442,12.522743,0.040653,0.000000,0.000000,20.000000,0.000000
0.224676,3.369280,3.369280,15.774028,4.176741,12.453978,0.049231,0.000000,0.000000,20.000000,0.000000
0.226814,3.142322,3.142322,15.452455,4.489048,12.368629,0.058497,0.000000,0.000000,20.000000,0.000000
0.230066,2.850805,2.850805,14.996998,4.929180,12.220014,0.073823,0.000000,0.000000,20.000000,0.000000
0.233318,2.608230,2.608230,14.580068,5.329417,12.062352,0.090514,0.000000,0.000000,20.000000,0.000000
0.236569,2.402840,2.402840,14.198771,5.692782,11.904377,0.108447,0.000000,0.000000,20.000000,0.000000
0.239821,2.227192,2.227192,13.850103,6.022391,11.750416,0.127506,0.000000,0.000000,20.000000,0.000000
0.243073,2.075830,2.075830,13.531182,6.321233,11.602937,0.147585,0.000000,0.000000,20.000000,0.000000
0.248042,1.881213,1.881213,13.095427,6.724548,11.394238,0.180024,0.000000,0.000000,20.000000,0.000000
0.253010,1.719996,1.719996,12.714237,7.071439,11.208565,0.214324,0.000000,0.000000,20.000000,0.000000
0.257979,1.583883,1.583883,12.379932,7.369845,11.046271,0.250222,0.000000,0.000000,20.000000,0.000000
0.262947,1.467192,1.467192,12.085898,7.626606,10.906201,0.287496,0.000000,0.000000,20.000000,0.000000
0.267916,1.366273,1.366273,11.826475,7.847571,10.786155,0.325954,0.000000,0.000000,20.000000,0.000000
0.274718,1.249074,1.249074,11.518957,8.100809,10.650116,0.380234,0.000000,0.000000,20.000000,0.000000
0.281520,1.150500,1.150500,11.257077,8.306853,10.542647,0.436070,0.000000,0.000000,20.000000,0.000000
0.288322,1.066308,1.066308,11.032463,8.474367,10.459324,0.493170,0.000000,0.000000,20.000000,0.000000
0.295125,0.993383,0.993383,10.838411,8.610293,10.396323,0.551296,0.000000,0.000000,20.000000,0.000000
0.301927,0.929626,0.929626,10.669488,8.720257,10.350116,0.610255,0.000000,0.000000,20.000000,0.000000
0.313523,0.838470,0.838470,10.427026,8.860734,10.300795,0.712240,0.000000,0.000000,20.000000,0.000000
0.325120,0.764228,0.764228,10.228302,8.956124,10.279647,0.815575,0.000000,0.000000,20.000000,0.000000
0.336717,0.702230,0.702230,10.061631,9.018552,10.279217,0.919817,0.000000,0.000000,20.000000,0.000000
0.348314,0.649372,0.649372,9.918444,9.056915,10.293711,1.024641,0.000000,0.000000,20.000000,0.000000
0.359910,0.603802,0.603802,9.792431,9.077764,10.318434,1.129805,0.000000,0.000000,20.000000,0.000000
0.371507,0.564248,0.564248,9.679093,9.085775,10.349976,1.235132,0.000000,0.000000,20.000000,0.000000
0.387533,0.517525,0.517525,9.537897,9.081368,10.401106,1.380735,0.000000,0.000000,20.000000,0.000000
0.403559,0.477977,0.477977,9.409131,9.064707,10.457315,1.526162,0.000000,0.000000,20.000000,0.000000
0.419585,0.444013,0.444013,9.288975,9.039779,10.516207,1.671246,0.000000,0.000000,20.000000,0.000000
0.435611,0.414527,0.414527,9.175063,9.009059,10.576413,1.815879,0.000000,0.000000,20.000000,0.000000
0.451637,0.388688,0.388688,9.065843,8.974174,10.637137,1.959983,0.000000,0.000000,20.000000,0.000000
0.478038,0.352575,0.352575,8.893630,8.910274,10.737150,2.196096,0.000000,0.000000,20.000000,0.000000
0.504440,0.322610,0.322610,8.728226,8.841325,10.836064,2.430449,0.000000,0.000000,20.000000,0.000000
0.530841,0.297309,0.297309,8.567936,8.769134,10.933556,2.662930,0.000000,0.000000,20.000000,0.000000
0.557243,0.275664,0.275664,8.411912,8.694619,11.029716,2.893468,0.000000,0.000000,20.000000,0.000000
0.583644,0.256954,0.256954,8.259627,8.618358,11.124687,3.122015,0.000000,0.000000,20.000000,0.000000
0.622629,0.233591,0.233591,8.040811,8.503419,11.262988,3.455770,0.000000,0.000000,20.000000,0.000000
0.661613,0.214113,0.214113,7.828408,8.386588,11.399298,3.785004,0.000000,0.000000,20.000000,0.000000
0.700598,0.197606,0.197606,7.621881,8.268464,11.533929,4.109655,0.000000,0.000000,20.000000,0.000000
0.739583,0.183448,0.183448,7.420900,8.149419,11.667131,4.429681,0.000000,0.000000,20.000000,0.000000
0.778567,0.171188,0.171188,7.225215,8.029733,11.799078,4.745052,0.000000,0.000000,20.000000,0.000000
0.837964,0.155396,0.155396,6.936790,7.846650,11.997953,5.216561,0.000000,0.000000,20.000000,0.000000
0.897360,0.142252,0.142252,6.659547,7.663269,12.194477,5.677184,0.000000,0.000000,20.000000,0.000000
0.956757,0.131127,0.131127,6.392992,7.480091,12.388780,6.126917,0.000000,0.000000,20.000000,0.000000
1.016154,0.121606,0.121606,6.136717,7.297499,12.580893,6.565784,0.000000,0.000000,20.000000,0.000000
1.075550,0.113384,0.113384,5.890354,7.115815,12.770799,6.993831,0.000000,0.000000,20.000000,0.000000
1.166140,0.102809,0.102809,5.532922,6.841089,13.056101,7.625989,0.000000,0.000000,20.000000,0.000000
1.256729,0.094012,0.094012,5.196567,6.570012,13.335975,8.233421,0.000000,0.000000,20.000000,0.000000
1.347319,0.086562,0.086562,4.880185,6.303328,13.610109,8.816486,0.000000,0.000000,20.000000,0.000000
1.437908,0.080193,0.080193,4.582727,6.041659,13.878147,9.375614,0.000000,0.000000,20.000000,0.000000
1.528497,0.074714,0.074714,4.303185,5.785531,14.139753,9.911283,0.000000,0.000000,20.000000,0.000000
1.665913,0.067733,0.067733,3.911178,5.408563,14.523703,10.680259,0.000000,0.000000,20.000000,0.000000
1.803328,0.061950,0.061950,3.554890,5.046655,14.891393,11.398454,0.000000,0.000000,20.000000,0.000000
1.940744,0.057059,0.057059,3.231249,4.700750,15.242189,12.068000,0.000000,0.000000,20.000000,0.000000
2.078159,0.052873,0.052873,2.937387,4.371471,15.575655,12.691143,0.000000,0.000000,20.000000,0.000000
2.215574,0.049255,0.049255,2.670635,4.059168,15.891576,13.270197,0.000000,0.000000,20.000000,0.000000
2.420857,0.044695,0.044695,2.317361,3.624435,16.330869,14.058204,0.000000,0.000000,20.000000,0.000000
2.626140,0.040911,0.040911,2.011703,3.227459,16.731629,14.760838,0.000000,0.000000,20.000000,0.000000
2.831424,0.037717,0.037717,1.747197,2.867062,17.095219,15.385740,0.000000,0.000000,20.000000,0.000000
3.036707,0.034981,0.034981,1.518221,2.541522,17.423496,15.940258,0.000000,0.000000,20.000000,0.000000
3.241990,0.032611,0.032611,1.319889,2.248765,17.718623,16.431347,0.000000,0.000000,20.000000,0.000000
3.534275,0.029760,0.029760,1.082199,1.883967,18.086272,17.033834,0.000000,0.000000,20.000000,0.000000
3.826560,0.027385,0.027385,0.888072,1.574009,18.398605,17.537919,0.000000,0.000000,20.000000,0.000000
4.118845,0.025361,0.025361,0.729319,1.312060,18.662578,17.958621,0.000000,0.000000,20.000000,0.000000
4.411130,0.023610,0.023610,0.599337,1.091669,18.884720,18.308994,0.000000,0.000000,20.000000,0.000000
4.703415,0.022083,0.022083,0.492803,0.906905,19.071011,18.600292,0.000000,0.000000,20.000000,0.000000
4.995700,0.020743,0.020743,0.405408,0.752456,19.226800,18.842136,0.000000,0.000000,20.000000,0.000000
5.384991,0.019194,0.019194,0.312776,0.585837,19.394968,19.101387,0.000000,0.000000,20.000000,0.000000
5.774282,0.017860,0.017860,0.241444,0.455433,19.526707,19.303123,0.000000,0.000000,20.000000,0.000000
6.163573,0.016698,0.016698,0.186464,0.353661,19.629640,19.459875,0.000000,0.000000,20.000000,0.000000
6.552865,0.015678,0.015678,0.144058,0.274401,19.709920,19.581541,0.000000,0.000000,20.000000,0.000000
6.942156,0.014776,0.014776,0.111330,0.212764,19.772459,19.675906,0.000000,0.000000,20.000000,0.000000
7.331447,0.013972,0.013972,0.086056,0.164885,19.821142,19.749059,0.000000,0.000000,20.000000,0.000000
7.774412,0.013158,0.013158,0.064204,0.123290,19.863550,19.812506,0.000000,0.000000,20.000000,0.000000
8.217378,0.012433,0.012433,0.047905,0.092145,19.895421,19.859950,0.000000,0.000000,20.000000,0.000000
8.660343,0.011784,0.011784,0.035750,0.068850,19.919364,19.895400,0.000000,0.000000,20.000000,0.000000
9.103309,0.011199,0.011199,0.026683,0.051438,19.937362,19.921879,0.000000,0.000000,20.000000,0.000000
9.546275,0.010670,0.010670,0.019918,0.038423,19.950906,19.941659,0.000000,0.000000,20.000000,0.000000
10.000000,0.010177,0.010177,0.014762,0.028492,19.961329,19.956746,0.000000,0.000000,20.000000,0.000000
